500
1
4
11
13
14
3
17
7
19
5
21
9
22
23
28
16
34
33
38
29
41
43
48
35
70
60
75
50
25
77
39
81
45
56
87
90
24
92
89
74
100
98
106
83
111
112
107
113
63
109
125
127
120
121
136
140
103
141
122
110
139
145
154
149
167
62
148
174
132
176
164
142
178
184
187
189
192
159
193
166
179
194
181
201
202
197
205
203
208
73
135
78
213
216
219
210
225
212
196
228
209
217
229
232
230
233
239
241
245
177
247
255
211
258
260
251
261
240
268
170
272
275
254
279
267
282
281
283
284
286
292
42
276
186
294
278
296
300
302
274
309
287
312
265
313
303
277
301
314
235
220
319
311
298
320
328
315
332
316
334
329
347
323
305
326
348
222
340
349
354
356
351
357
317
352
361
360
342
362
364
367
299
374
377
346
378
370
308
358
381
387
389
379
391
397
396
411
412
404
421
333
430
429
325
423
433
425
393
416
436
441
442
420
435
456
293
400
457
463
450
406
451
467
462
440
468
472
473
369
446
477
479
439
480
485
486
488
483
497
499
502
460
491
504
489
507
431
508
453
509
515
448
516
520
500
530
380
505
536
539
506
519
541
540
549
493
551
526
554
550
556
531
559
560
514
532
555
561
533
565
538
570
557
546
574
575
584
576
588
567
596
569
597
591
605
592
611
594
614
610
623
604
606
627
602
616
642
638
645
640
647
639
626
648
649
629
650
641
646
654
652
658
644
663
655
677
621
656
678
613
682
667
691
669
687
692
702
671
704
672
708
679
718
719
694
722
706
712
723
724
693
727
728
730
725
593
732
733
736
688
680
742
713
741
743
746
729
747
756
766
707
745
757
771
755
775
761
768
777
739
778
690
779
754
738
786
787
792
764
803
767
799
804
791
819
780
820
823
802
826
807
827
829
821
830
812
784
831
836
815
790
839
844
845
848
785
849
851
843
822
855
863
864
865
772
859
867
734
852
870
811
874
875
878
880
776
860
888
889
850
877
890
869
887
896
893
899
907
908
886
913
809
921
895
842
922
914
923
905
931
925
935
938
936
939
748
906
942
944
924
959
900
962
951
971
917
976
854
926
978
948
986
987
950
994
955
969
997
998
992
970
933
989
966
983
954
972
964
975
963