750
64 861
71 156
754
298
11
598 511
445 339
753 622
712
431
892 744
666 770
103
286
78
811
798 721
512 372
899
607 482
466 386
824 988
28
176
614
7
963
4
823
460
784
654
979 982
509
557
715 573
688
258
210
406
742
951
570
241
678
747
685 617
793 956
98
140
758 664
310 155
257 327
589 458
239
338 273
902 795
158 137
746
170
816 662
909 817
551
493
826
100
74
269 368
14
43
484 424
224 304
87
291 150
117 26
673 522
924
446
89
852
878
829
916 796
957 866
860
21
203
119 130
334
506
132
276
42
491
131 133
828 12
552 438
253 162
648
702
888
706
896
936
980 814
836
225
393
859
910 40
180 91
696 553
450
81
462
707
221 118
9
337 383
403 262
783 661
998
997
375 290
548 415
363 242
198 146
578 470
949 879
981 129
757
745
451
773 912
782 670
561
647
500
906
48
171 18
412
584
436
196
538
582 459
126 947
190 108
904 840
53 8
498 452
295 153
496 344
918 760
700 620
384 394
96 903
868 30
325
644
309
536
34
433
605
964
849
627
723
499
711 609
272
987
946 873
733
364
473
360
2 115
634 475
510 454
838 763
683 524
720 858
419 200
830
502
623
397
950
908
391
19
564 409
320
102 937
806 977
659 513
591
104 51
542 413
247
255
855
25
602
769 624
160 953
791
883 735
586 447
786
750 615
732
283
618 461
352
761
24
85 99
550
358
233
545 518
399 243
417 256
457
267
692
668 765
428 414
416
332
778
340
107
567
596
251
663
968 885
789 653
185 44
423
756
563 426
206 231
975
478 350
216
495 365
921
65 862
465 336
930 857
972
329
347
893
626
629
603 543
152 94
710 625
76 872
884 740
597
999 847
604
713
306 169
636 703
889
966
843
874
324 204
637 716
476 401
92
514
222
869
492 355
815
467
194
179
905
463
727
613
128 188
594
161 138
387
17
37 991
312
803
764
143 259
676 808
29
333
430
507
600 521
718
254
277
361
961 93
50
479
938
694
395 195
986
55 134
228
328
671
776
234 173
264 105
870
989
427 289
266 199
996 973
698 800
660 726
90
314
58 49
425
898 751
279
178
839
568 469
385 388
82 72
374
965 943
61 853
774 681
990 833
831
559
477
331 330
787
238 227
818 695
928 80
230
606
13
485
218 182
682
882 697
974 929
191 67
288 244
650
569
645
983
354
86 995
779
23
0 960
576
62
16
135
323
923
556
699 581
284
848
381
942
541
226 151
834 737
608 494
335 376
319
220
976
642
418 263
36 835
667
691
317
357
351
268
516
271 297
265
70
378
432 422
631 544
574
807
722
978
487 444
79 20
111
630 537
116 157
940 846
68 10
136
639
736
730
181
820
109
934 825
240
59 147
112
54 15
261
472
302
505
63
343 410
148
245
680
731 881
45
919 794
827
300
810 689
404
370
159
141
994
193
57 993
871 675
812
729
922
880
967 952
935
651 547
282
303
84 27
851
379
854
565
248 318
189
501 373
121
201
724
887
197
60
911 705
75
616
971
945 797
759 643
595 474
529 490
590 534
635 481
738
39
359 371
125
421
959
515
164
780
927 801
110
293
489
649
734
526
939
5
652
955
219
741
611
348
439
168 984
785
237 101
577 525
69 894
655
377
781 932
187
366 345
802
575
970
356
933
628 583
646
766
205
520
867
767
260
145
768
558 408
926
316
621
213
77
47 841
435
677
46 144
275
850
209
777
585 437
166
504
876 805
656
342
441
775
22
555
592
398 249
728
925
211
38
208
895
420
274
931
73
743
532
149
546
486
690
752 665
83
749 619
962
719
440
790
842
346
948
120
638
913
353 252
202
468
809
658
672
762 686
587 471
184
755
56
593
232
531
313
527 402
679
819
601 572
246 307
865
669
235
519
822
657 528
897 32
163 6
954
280 321
214 236
875
453
799
167
326
311
442
610
250 165
483
154
633 701
122
804
299
192
1
914
448
396
845
207 114
497
599 571
177
985 837
294
517 405
554
186
907
725
315
212
174
704
456
900
533
139
369
296
917
693
863
411
503 382
530
941 856
349
708
886
215 270
523 392
287
113
901 813
229
400
390 407
772
97 88
821
95 891
508
539
992
641
308
123 915
223 285
175 31
844
281
464 443
480
172 124
588
142
362
792
292
632 674
640
877
3
560
771
41
389
717 832
580 562
535 455
788 714
429
687
380
739
958 920
106
322 183
127
217
864
301
488
305
449 341
367
709 612
748
66 52
969
579 434
278
684 566
890
35
549
540
944
33
